%YAML:1.0
---
cameraMatrixL: !!opencv-matrix
   rows: 3
   cols: 3
   dt: d
   data: [ 4.2941652675154830e+02, 0., 3.4308381762286120e+02, 0.,
       4.3061097560715262e+02, 2.5934012995465025e+02, 0., 0., 1. ]
distCoeffsL: !!opencv-matrix
   rows: 1
   cols: 5
   dt: d
   data: [ -4.1275943763432782e-01, 1.9918664053870450e-01,
       1.9534677701833307e-03, 1.9098434624151440e-03,
       -5.1516493730417376e-02 ]
RL: !!opencv-matrix
   rows: 3
   cols: 3
   dt: d
   data: [ 9.9903419180784458e-01, -1.0241986153529595e-02,
       -4.2729209195557873e-02, 1.0308780910714476e-02,
       9.9994596102630440e-01, 1.3431542411153864e-03,
       4.2713143585806565e-02, -1.7823430678310839e-03,
       9.9908578741677978e-01 ]
PL: !!opencv-matrix
   rows: 3
   cols: 4
   dt: d
   data: [ 5.6522585430288598e+02, 0., 4.0495757675170898e+02, 0., 0.,
       5.6522585430288598e+02, 1.8361457443237305e+02, 0., 0., 0., 1.,
       0. ]
cameraMatrixR: !!opencv-matrix
   rows: 3
   cols: 3
   dt: d
   data: [ 4.3244245321613676e+02, 0., 3.3223036359979693e+02, 0.,
       4.3369676264961305e+02, 2.6489757208503823e+02, 0., 0., 1. ]
distCoeffsR: !!opencv-matrix
   rows: 1
   cols: 5
   dt: d
   data: [ -4.0788549079849507e-01, 1.8261922616969350e-01,
       2.3109131008495075e-03, 1.1608410789610266e-03,
       -4.1109131949763920e-02 ]
RR: !!opencv-matrix
   rows: 3
   cols: 3
   dt: d
   data: [ 9.9886598096645307e-01, -1.6769118422850764e-02,
       -4.4559496577564313e-02, 1.6699426056589785e-02,
       9.9985868086175522e-01, -1.9358395520395078e-03,
       4.4585661790603144e-02, 1.1895262549256986e-03,
       9.9900485673993744e-01 ]
PR: !!opencv-matrix
   rows: 3
   cols: 4
   dt: d
   data: [ 5.6522585430288598e+02, 0., 4.0495757675170898e+02,
       -5.6961142064881994e+02, 0., 5.6522585430288598e+02,
       1.8361457443237305e+02, 0., 0., 0., 1., 0. ]
Q: !!opencv-matrix
   rows: 4
   cols: 4
   dt: d
   data: [ 1., 0., 0., -4.0495757675170898e+02, 0., 1., 0.,
       -1.8361457443237305e+02, 0., 0., 0., 5.6522585430288598e+02, 0.,
       0., 9.9230077525317417e-01, 0. ]
size: [ 640, 480 ]